(base) bash-4.2$ python run.py --timing --model=subLSTM --cuda --batch-size=4 --seq-length=2 --nhid=10 --epochs=1 --training-size=8 --test
cuda is available: True
cudnn enabled: True
outputs  tensor([[-0.2813],
        [-0.3144],
        [-0.2901],
        [-0.2733]], device='cuda:0', grad_fn=<AddmmBackward>)
hidden  [
(tensor([[-0.0171, -0.0283, -0.1009, -0.1543, -0.0120,  0.2044, -0.1266,  0.1094,
          0.0264, -0.2956],
        [-0.0848,  0.0656, -0.1362, -0.1867, -0.0209,  0.1046, -0.1341,  0.0854,
          0.0800, -0.3518],
        [-0.0541, -0.0117, -0.1030, -0.1470, -0.0150,  0.1999, -0.1292,  0.1152,
          0.0281, -0.3098],
        [-0.0202, -0.0551, -0.0860, -0.1300, -0.0111,  0.2419, -0.1241,  0.1249,
          0.0037, -0.2823]], device='cuda:0', grad_fn=<SubBackward0>),
tensor([[-0.3088, -0.3031, -0.2186, -0.5564,  0.0635, -0.0344, -0.0223, -0.3305,
         -0.3454, -0.2354],
        [-0.4024, -0.2533, -0.2877, -0.3958,  0.0535, -0.0974, -0.0870, -0.3284,
         -0.3312, -0.2776],
        [-0.4219, -0.2789, -0.2617, -0.4792,  0.0585, -0.0476, -0.0718, -0.3214,
         -0.3669, -0.2597],
        [-0.3664, -0.3014, -0.2223, -0.5442,  0.0625, -0.0127, -0.0329, -0.3232,
         -0.3714, -0.2388]], device='cuda:0', grad_fn=<SubBackward0>))]






(base) bash-4.2$ python run.py --timing --model=subLSTMCuda --cuda --batch-size=4 --seq-length=2 --nhid=10 --epochs=1 --training-size=8 --test
cuda is available: True
cudnn enabled: True
outputs  tensor([[-0.3517],
        [-0.4193],
        [-0.3608],
        [-0.3311]], device='cuda:0', grad_fn=<AddmmBackward>)
hidden  [
(tensor([[-0.2542, -0.0552,  0.0014, -0.0907,  0.0255,  0.0326, -0.1679,  0.2921,
          0.0256,  0.0470],
        [-0.3314, -0.0284, -0.0294, -0.1711, -0.0113, -0.0697, -0.0856,  0.3060,
          0.0756,  0.0399],
        [-0.2775, -0.0313,  0.0103, -0.0928,  0.0251,  0.0492, -0.1690,  0.2943,
          0.0298, -0.0012],
        [-0.2400, -0.0444,  0.0232, -0.0571,  0.0418,  0.0907, -0.2026,  0.2882,
          0.0093,  0.0062]], device='cuda:0', grad_fn=<SubLSTMFunctionBackward>),
tensor([[-0.2719, -0.1850, -0.1092, -0.3804,  0.0284, -0.2542,  0.0498,  0.3514,
         -0.1479, -0.0667],
        [-0.3244, -0.0547, -0.0516, -0.4132, -0.0036, -0.2600,  0.1226,  0.3899,
         -0.2847, -0.2342],
        [-0.3419, -0.1060, -0.0946, -0.3815,  0.0005, -0.2505,  0.0769,  0.3643,
         -0.2144, -0.2260],
        [-0.3160, -0.1670, -0.1197, -0.3668,  0.0195, -0.2455,  0.0431,  0.3470,
         -0.1361, -0.1372]], device='cuda:0', grad_fn=<SubLSTMFunctionBackward>))]
